ptimal Camera matrix:
[[418.8765564    0.         312.9676654 ]
 [  0.         419.6499939  325.89736014]
 [  0.           0.           1.        ]]

 Distortion coefficient:
[[-0.31810364  0.06407699  0.0019062   0.00102017  0.06632828]]

 Rotation Vectors:
(array([[-0.12759745],
       [ 0.0430499 ],
       [-2.80958727]]), array([[ 0.08335066],
       [ 0.20655545],
       [-2.86940607]]), array([[-0.04673357],
       [ 0.24723473],
       [-2.75298448]]), array([[ 0.1021498 ],
       [ 0.08687537],
       [-2.88899324]]), array([[ 0.14092086],
       [ 0.11956868],
       [-2.55146514]]), array([[-0.06057782],
       [ 0.34028817],
       [-2.71957922]]), array([[ 0.30457726],
       [ 0.19570347],
       [-2.6599967 ]]), array([[ 0.19343829],
       [ 0.27842897],
       [-2.76473531]]), array([[ 0.17190302],
       [-0.06128256],
       [-2.74651232]]), array([[ 0.00557697],
       [-0.02829043],
       [-2.85245722]]), array([[ 0.26949564],
       [ 0.30652228],
       [-2.55507773]]), array([[ 0.14374902],
       [ 0.14216535],
       [-2.62629296]]), array([[ 0.21384116],
       [ 0.18370328],
       [-2.71037801]]), array([[-0.23995824],
       [-0.00396844],
       [-2.83553934]]), array([[ 0.0409757 ],
       [ 0.14413741],
       [-2.71351512]]), array([[ 0.1291894 ],
       [ 0.0729202 ],
       [-2.62782999]]), array([[-0.12518127],
       [ 0.337991  ],
       [-2.55856519]]), array([[ 0.02504967],
       [ 0.0752419 ],
       [-2.62632993]]), array([[ 0.15334958],
       [ 0.11207228],
       [-2.54820736]]), array([[-0.02755545],
       [ 0.08945239],
       [-2.82569864]]), array([[-0.00874302],
       [ 0.1469941 ],
       [-2.59413999]]), array([[ 0.06684987],
       [ 0.22584676],
       [-2.711801  ]]), array([[-0.01345126],
       [ 0.23792006],
       [-2.79030658]]), array([[-0.16950602],
       [ 0.17823387],
       [-2.67187032]]), array([[-0.08935241],
       [ 0.2439249 ],
       [-2.77364813]]), array([[ 0.02256273],
       [-0.05263019],
       [-2.82661512]]), array([[ 0.20553013],
       [-0.04593578],
       [-2.6285649 ]]), array([[ 0.21679102],
       [ 0.16925814],
       [-2.80627812]]), array([[-0.00362637],
       [ 0.07413027],
       [-2.69697108]]), array([[-0.04660139],
       [ 0.10324524],
       [-2.60379997]]), array([[ 0.22697714],
       [ 0.04165456],
       [-2.81154474]]), array([[ 0.19024387],
       [ 0.20360326],
       [-2.64269947]]), array([[ 0.01845014],
       [ 0.37242863],
       [-2.65370493]]))

 Translation Vectors:
(array([[0.18581852],
       [0.27221958],
       [0.52418875]]), array([[0.10622458],
       [0.11504595],
       [0.55758504]]), array([[0.04053821],
       [0.18184229],
       [0.51534103]]), array([[0.05805877],
       [0.07755973],
       [0.57701205]]), array([[0.04395364],
       [0.20075564],
       [0.53490953]]), array([[ 0.18253055],
       [-0.01164151],
       [ 0.57297416]]), array([[-4.14493707e-04],
       [ 1.57305794e-01],
       [ 6.12759775e-01]]), array([[0.10236124],
       [0.10443853],
       [0.50820235]]), array([[-0.09957269],
       [ 0.14900328],
       [ 0.59341128]]), array([[0.139292  ],
       [0.28222588],
       [0.60099132]]), array([[0.04709031],
       [0.03467341],
       [0.55848493]]), array([[0.10130334],
       [0.21163654],
       [0.55363923]]), array([[0.05263216],
       [0.00589626],
       [0.59306341]]), array([[0.11217156],
       [0.13382576],
       [0.56900764]]), array([[0.06162034],
       [0.13476048],
       [0.51432485]]), array([[0.01553664],
       [0.19581694],
       [0.51414626]]), array([[0.18266817],
       [0.16859367],
       [0.6041449 ]]), array([[0.09210908],
       [0.0768436 ],
       [0.51090822]]), array([[0.01336178],
       [0.0573841 ],
       [0.55314438]]), array([[0.11730641],
       [0.11346571],
       [0.55062711]]), array([[0.02427883],
       [0.14058529],
       [0.54083297]]), array([[0.01668904],
       [0.03129576],
       [0.54780777]]), array([[0.03991457],
       [0.05914437],
       [0.54837219]]), array([[0.12407552],
       [0.21785656],
       [0.47451799]]), array([[0.08047869],
       [0.05257237],
       [0.49004634]]), array([[0.13598992],
       [0.25307954],
       [0.51620387]]), array([[0.07321125],
       [0.2093169 ],
       [0.42979009]]), array([[0.07020122],
       [0.17794946],
       [0.46115908]]), array([[0.06375475],
       [0.08167855],
       [0.54022047]]), array([[0.16717053],
       [0.1185256 ],
       [0.49698388]]), array([[0.03160598],
       [0.1955412 ],
       [0.4655389 ]]), array([[-0.03409743],
       [ 0.045359  ],
       [ 0.51433734]]), array([[0.15649557],
       [0.13843923],
       [0.52507205]]))
