optimal Camera matrix:
[[1.01080109e+03 0.00000000e+00 1.02191560e+03]
 [0.00000000e+00 9.95496826e+02 7.70488484e+02]
 [0.00000000e+00 0.00000000e+00 1.00000000e+00]]

 Distortion coefficient:
[[ 0.10101934 -0.11059437 -0.00038653 -0.00049741  0.05725655]]

 Rotation Vectors:
[array([[ 0.10709803],
       [-0.06936516],
       [-2.62106905]]), array([[-0.15652532],
       [ 0.22402608],
       [-2.57167425]]), array([[ 0.07301944],
       [ 0.08704083],
       [-2.87229726]]), array([[ 0.17963951],
       [ 0.16256962],
       [-2.76818221]]), array([[ 0.05157455],
       [ 0.10761596],
       [-2.71598435]]), array([[ 0.19829302],
       [ 0.07134826],
       [-2.71023301]]), array([[-0.01840388],
       [-0.15371313],
       [-2.56027379]]), array([[ 0.18391985],
       [-0.16224639],
       [-2.6185017 ]]), array([[-0.02608866],
       [ 0.03338088],
       [-2.5966705 ]]), array([[ 0.09871425],
       [-0.0211092 ],
       [-2.88710709]]), array([[-0.02193129],
       [-0.03470641],
       [-2.69790935]]), array([[ 0.10681124],
       [-0.04039617],
       [-2.57595735]]), array([[-0.18630591],
       [ 0.02058604],
       [-2.56437856]]), array([[-0.20587308],
       [ 0.01140266],
       [-2.70813854]]), array([[-0.08060778],
       [ 0.22354925],
       [-2.73147494]]), array([[ 0.26355736],
       [ 0.09908163],
       [-2.66184215]]), array([[-0.14596877],
       [-0.08891588],
       [-2.81012594]]), array([[ 0.19226378],
       [ 0.03358091],
       [-2.82091343]]), array([[-0.19804272],
       [-0.07170335],
       [-2.55637426]]), array([[ 0.11592592],
       [ 0.00561352],
       [-2.54950723]]), array([[ 0.21687645],
       [-0.19198265],
       [-2.66122115]]), array([[ 0.24418366],
       [ 0.19906486],
       [-2.55852799]]), array([[ 0.02265535],
       [ 0.02745496],
       [-2.71520383]]), array([[-0.00625182],
       [-0.16566778],
       [-2.84583381]]), array([[-0.099218  ],
       [ 0.12354179],
       [-2.78284907]]), array([[-0.18922301],
       [ 0.05343468],
       [-2.67894942]]), array([[ 0.12922677],
       [ 0.00879429],
       [-2.54717453]]), array([[ 0.17022744],
       [-0.18051424],
       [-2.73570442]]), array([[ 0.01189215],
       [-0.18445891],
       [-2.81855007]]), array([[ 0.11967034],
       [ 0.02438318],
       [-2.62491928]]), array([[ 0.00608221],
       [-0.03483767],
       [-2.62639829]]), array([[ 0.19757524],
       [ 0.03274676],
       [-2.80290614]]), array([[-0.02631555],
       [ 0.11893581],
       [-2.79655555]]), array([[-0.03486587],
       [-0.02677983],
       [-2.82736232]]), array([[-0.12167912],
       [ 0.33454163],
       [-2.83392497]]), array([[ 0.21677737],
       [-0.10231946],
       [-2.80090333]]), array([[ 0.2340263 ],
       [ 0.05473028],
       [-2.61783403]]), array([[-0.24498342],
       [-0.12206826],
       [-2.83867611]]), array([[-0.07379674],
       [ 0.1444327 ],
       [-2.74750785]]), array([[-0.07209001],
       [-0.00816637],
       [-2.60658109]]), array([[-0.06552799],
       [ 0.12036407],
       [-2.75935861]]), array([[-0.00603765],
       [ 0.25547726],
       [-2.66518608]])]

 Translation Vectors:
[array([[-0.02380907],
       [ 0.2314187 ],
       [ 0.47814004]]), array([[0.14258368],
       [0.21260637],
       [0.57273817]]), array([[0.06679728],
       [0.15537521],
       [0.53256214]]), array([[0.06376575],
       [0.14108433],
       [0.48640161]]), array([[-0.02263053],
       [ 0.07098204],
       [ 0.5288042 ]]), array([[0.01286537],
       [0.04910475],
       [0.57564043]]), array([[-0.07995048],
       [ 0.27361874],
       [ 0.39875278]]), array([[0.03530563],
       [0.23920044],
       [0.39929314]]), array([[-0.0151002 ],
       [ 0.17937133],
       [ 0.51302241]]), array([[0.01819891],
       [0.11955236],
       [0.55471829]]), array([[0.02444335],
       [0.12067258],
       [0.51785497]]), array([[-0.08406064],
       [ 0.27260229],
       [ 0.54199218]]), array([[0.11342177],
       [0.25748139],
       [0.42237826]]), array([[0.19163618],
       [0.24127705],
       [0.48217991]]), array([[0.14290332],
       [0.03028052],
       [0.55784249]]), array([[-0.04046252],
       [ 0.20158547],
       [ 0.58186718]]), array([[0.14618294],
       [0.30912887],
       [0.48384685]]), array([[-0.05552147],
       [ 0.21399097],
       [ 0.57629013]]), array([[0.1367635 ],
       [0.2556769 ],
       [0.40467607]]), array([[0.00464034],
       [0.23894372],
       [0.50190424]]), array([[-0.1120226 ],
       [ 0.28813479],
       [ 0.38284698]]), array([[0.00786031],
       [0.07532434],
       [0.54058138]]), array([[0.02271303],
       [0.17159213],
       [0.4883471 ]]), array([[0.09861936],
       [0.32476881],
       [0.55646274]]), array([[0.04190517],
       [0.08779298],
       [0.47196181]]), array([[0.08527461],
       [0.25144094],
       [0.44182927]]), array([[-0.02603439],
       [ 0.09745323],
       [ 0.53233889]]), array([[-0.13957602],
       [ 0.19142031],
       [ 0.56093964]]), array([[0.09648976],
       [0.28931888],
       [0.47788786]]), array([[0.06174097],
       [0.25135816],
       [0.51933299]]), array([[0.05328938],
       [0.11353798],
       [0.48995239]]), array([[0.03165677],
       [0.21037901],
       [0.43127872]]), array([[5.11886299e-04],
       [9.88411961e-02],
       [5.27347497e-01]]), array([[0.0779213 ],
       [0.15315133],
       [0.52553583]]), array([[0.03009295],
       [0.1692482 ],
       [0.41747461]]), array([[-0.00690177],
       [ 0.22773492],
       [ 0.43261567]]), array([[-0.1318751 ],
       [ 0.05389345],
       [ 0.47916952]]), array([[0.0723102 ],
       [0.17470178],
       [0.54073467]]), array([[0.04318178],
       [0.08375723],
       [0.44310709]]), array([[0.12842188],
       [0.15409994],
       [0.47290845]]), array([[0.00122141],
       [0.21887081],
       [0.48399935]]), array([[0.11767432],
       [0.17650848],
       [0.4994861 ]])]
moaaz@moaaz:~/imgs$ 

